%!PS
%%BoundingBox: -66 -58 66 58 
%%HiResBoundingBox: -65.305 -57.70973 65.305 57.70973 
%%Creator: MetaPost 1.999
%%CreationDate: 2023.03.04:1919
%%Pages: 1
%*Font: cmr10 9.96265 9.96265 30:ffc
%%BeginProlog
%%EndProlog
%%Page: 1 1
 0 0 0 setrgbcolor 0 0.5 dtransform truncate idtransform setlinewidth pop
 [] 0 setdash 1 setlinejoin 10 setmiterlimit
newpath -19.98422 49.09755 moveto
-19.98422 51.31543 -20.8654 53.44221 -22.43356 55.01039 curveto
-24.00174 56.57855 -26.12852 57.45973 -28.3464 57.45973 curveto
-30.56429 57.45973 -32.69107 56.57855 -34.25925 55.01039 curveto
-35.82741 53.44221 -36.70859 51.31543 -36.70859 49.09755 curveto
-36.70859 46.87967 -35.82741 44.75288 -34.25925 43.18471 curveto
-32.69107 41.61655 -30.56429 40.73537 -28.3464 40.73537 curveto
-26.12852 40.73537 -24.00174 41.61655 -22.43356 43.18471 curveto
-20.8654 44.75288 -19.98422 46.87967 -19.98422 49.09755 curveto closepath stroke
newpath 36.70859 49.09755 moveto
36.70859 51.31543 35.82741 53.44221 34.25925 55.01039 curveto
32.69107 56.57855 30.56429 57.45973 28.3464 57.45973 curveto
26.12852 57.45973 24.00174 56.57855 22.43356 55.01039 curveto
20.8654 53.44221 19.98422 51.31543 19.98422 49.09755 curveto
19.98422 46.87967 20.8654 44.75288 22.43356 43.18471 curveto
24.00174 41.61655 26.12852 40.73537 28.3464 40.73537 curveto
30.56429 40.73537 32.69107 41.61655 34.25925 43.18471 curveto
35.82741 44.75288 36.70859 46.87967 36.70859 49.09755 curveto closepath stroke
newpath 65.055 0 moveto
65.055 2.21788 64.17381 4.34467 62.60565 5.91284 curveto
61.03748 7.481 58.91069 8.36218 56.69281 8.36218 curveto
54.47493 8.36218 52.34814 7.481 50.77997 5.91284 curveto
49.2118 4.34467 48.33063 2.21788 48.33063 0 curveto
48.33063 -2.21788 49.2118 -4.34467 50.77997 -5.91284 curveto
52.34814 -7.481 54.47493 -8.36218 56.69281 -8.36218 curveto
58.91069 -8.36218 61.03748 -7.481 62.60565 -5.91284 curveto
64.17381 -4.34467 65.055 -2.21788 65.055 0 curveto closepath stroke
newpath 36.70859 -49.09755 moveto
36.70859 -46.87967 35.82741 -44.75288 34.25925 -43.18471 curveto
32.69107 -41.61655 30.56429 -40.73537 28.3464 -40.73537 curveto
26.12852 -40.73537 24.00174 -41.61655 22.43356 -43.18471 curveto
20.8654 -44.75288 19.98422 -46.87967 19.98422 -49.09755 curveto
19.98422 -51.31543 20.8654 -53.44221 22.43356 -55.01039 curveto
24.00174 -56.57855 26.12852 -57.45973 28.3464 -57.45973 curveto
30.56429 -57.45973 32.69107 -56.57855 34.25925 -55.01039 curveto
35.82741 -53.44221 36.70859 -51.31543 36.70859 -49.09755 curveto closepath stroke
newpath -19.98422 -49.09755 moveto
-19.98422 -46.87967 -20.8654 -44.75288 -22.43356 -43.18471 curveto
-24.00174 -41.61655 -26.12852 -40.73537 -28.3464 -40.73537 curveto
-30.56429 -40.73537 -32.69107 -41.61655 -34.25925 -43.18471 curveto
-35.82741 -44.75288 -36.70859 -46.87967 -36.70859 -49.09755 curveto
-36.70859 -51.31543 -35.82741 -53.44221 -34.25925 -55.01039 curveto
-32.69107 -56.57855 -30.56429 -57.45973 -28.3464 -57.45973 curveto
-26.12852 -57.45973 -24.00174 -56.57855 -22.43356 -55.01039 curveto
-20.8654 -53.44221 -19.98422 -51.31543 -19.98422 -49.09755 curveto closepath stroke
newpath -48.33063 0 moveto
-48.33063 2.21788 -49.2118 4.34467 -50.77997 5.91284 curveto
-52.34814 7.481 -54.47493 8.36218 -56.69281 8.36218 curveto
-58.91069 8.36218 -61.03748 7.481 -62.60565 5.91284 curveto
-64.17381 4.34467 -65.055 2.21788 -65.055 0 curveto
-65.055 -2.21788 -64.17381 -4.34467 -62.60565 -5.91284 curveto
-61.03748 -7.481 -58.91069 -8.36218 -56.69281 -8.36218 curveto
-54.47493 -8.36218 -52.34814 -7.481 -50.77997 -5.91284 curveto
-49.2118 -4.34467 -48.33063 -2.21788 -48.33063 0 curveto closepath stroke
 1 setlinecap
newpath -19.98427 49.09755 moveto
0 49.09755 lineto
19.98427 49.09755 lineto stroke
newpath 32.52748 41.85571 moveto
42.5196 24.54877 lineto
52.51173 7.24182 lineto stroke
newpath 52.51173 -7.24184 moveto
42.5196 -24.54878 lineto
32.52748 -41.85573 lineto stroke
newpath 19.98427 -49.09755 moveto
0 -49.09755 lineto
-19.98427 -49.09755 lineto stroke
newpath -32.52748 -41.85571 moveto
-42.5196 -24.54877 lineto
-52.51173 -7.24182 lineto stroke
newpath -52.51173 7.24184 moveto
-42.5196 24.54878 lineto
-32.52748 41.85573 lineto stroke
 0.5 0 dtransform exch truncate exch idtransform pop setlinewidth
newpath -28.3464 40.7353 moveto
-28.3464 0 lineto
-28.3464 -40.7353 lineto stroke
newpath 28.3464 40.7353 moveto
28.3464 0 lineto
28.3464 -40.7353 lineto stroke
 0 0.5 dtransform truncate idtransform setlinewidth pop
newpath 48.33025 0 moveto
0 0 lineto
-48.33025 0 lineto stroke
-30.83705 45.88734 moveto
(1) cmr10 9.96265 fshow
25.85576 45.88734 moveto
(2) cmr10 9.96265 fshow
54.20216 -3.2102 moveto
(3) cmr10 9.96265 fshow
25.85576 -52.30775 moveto
(4) cmr10 9.96265 fshow
-30.83705 -52.30775 moveto
(5) cmr10 9.96265 fshow
-59.18346 -3.2102 moveto
(6) cmr10 9.96265 fshow
showpage
%%EOF
