%!PS
%%BoundingBox: -72 -79 72 11 
%%HiResBoundingBox: -71.11603 -78.20262 71.11601 10.17125 
%%Creator: MetaPost 2.01
%%CreationDate: 2023.05.14:2244
%%Pages: 1
%%BeginProlog
%%EndProlog
%%Page: 1 1
 1 1 1 setrgbcolor 0 0.5 dtransform truncate idtransform setlinewidth pop
 [] 0 setdash 1 setlinejoin 10 setmiterlimit
newpath 15.59053 0 moveto
15.59053 2.6314 13.94763 5.1547 11.02394 7.01523 curveto
8.10023 8.87576 4.13504 9.92125 0 9.92125 curveto
-4.13504 9.92125 -8.10023 8.87576 -11.02394 7.01523 curveto
-13.94763 5.1547 -15.59053 2.6314 -15.59053 0 curveto
-15.59053 -2.6314 -13.94763 -5.1547 -11.02394 -7.01523 curveto
-8.10023 -8.87576 -4.13504 -9.92125 0 -9.92125 curveto
4.13504 -9.92125 8.10023 -8.87576 11.02394 -7.01523 curveto
13.94763 -5.1547 15.59053 -2.6314 15.59053 0 curveto closepath stroke
newpath -39.68497 -68.03137 moveto
-39.68497 -65.39998 -41.32787 -62.87668 -44.25156 -61.01614 curveto
-47.17526 -59.15561 -51.14046 -58.11012 -55.2755 -58.11012 curveto
-59.41054 -58.11012 -63.37573 -59.15561 -66.29944 -61.01614 curveto
-69.22313 -62.87668 -70.86603 -65.39998 -70.86603 -68.03137 curveto
-70.86603 -70.66277 -69.22313 -73.18607 -66.29944 -75.0466 curveto
-63.37573 -76.90714 -59.41054 -77.95262 -55.2755 -77.95262 curveto
-51.14046 -77.95262 -47.17526 -76.90714 -44.25156 -75.0466 curveto
-41.32787 -73.18607 -39.68497 -70.66277 -39.68497 -68.03137 curveto closepath stroke
newpath 70.86601 -68.03137 moveto
70.86601 -65.39998 69.22311 -62.87668 66.29942 -61.01614 curveto
63.37572 -59.15561 59.41052 -58.11012 55.27548 -58.11012 curveto
51.14044 -58.11012 47.17525 -59.15561 44.25154 -61.01614 curveto
41.32785 -62.87668 39.68495 -65.39998 39.68495 -68.03137 curveto
39.68495 -70.66277 41.32785 -73.18607 44.25154 -75.0466 curveto
47.17525 -76.90714 51.14044 -77.95262 55.27548 -77.95262 curveto
59.41052 -77.95262 63.37572 -76.90714 66.29942 -75.0466 curveto
69.22311 -73.18607 70.86601 -70.66277 70.86601 -68.03137 curveto closepath stroke
showpage
%%EOF
